
[W11, W12, b11, b12] = training(0.00001, 90, num_test, P, W1, W2, b1, b2, t, F);

W11 =

    0.7199    0.1517
    0.7140    0.0517
    0.5610    0.3082
    0.1308    0.4106
    0.5636    0.0523
    0.2980    0.9939
    0.1640    0.3601
    0.0962    0.1837
    0.8930    0.0614
   -0.0708    0.1658
    0.0379   -0.1572
    0.0743    0.5189
    0.4442    0.7640
   -0.0306    0.6016
    0.8909    0.0789


 W22 = 0.2191    0.2683   -0.2406    0.1990    0.0936   -0.1404   -0.4062    0.3374   -0.1802    0.2451    0.4255   -0.3934   -0.4024    0.0613    -0.0334

b11 =

    0.0584
    0.7561
    0.9062
    0.5094
    0.0889
    0.8241
    0.3533
    0.2456
    0.7458
   -0.0406
   -0.0269
    0.6781
    0.6091
    0.5094
    0.7232

b22 = 0.1963
